Files already downloaded and verified
USE 1 GPUs!
Epoch: 0 | Batch_idx: 0 |  Loss: (2.3466) | Acc: (12.00%) (16/128)
Epoch: 0 | Batch_idx: 10 |  Loss: (2.2020) | Acc: (20.00%) (290/1408)
Epoch: 0 | Batch_idx: 20 |  Loss: (2.0631) | Acc: (24.00%) (664/2688)
.....
Epoch: 0 | Batch_idx: 370 |  Loss: (1.4406) | Acc: (46.00%) (22220/47488)
Epoch: 0 | Batch_idx: 380 |  Loss: (1.4312) | Acc: (47.00%) (23001/48768)
Epoch: 0 | Batch_idx: 390 |  Loss: (1.4233) | Acc: (47.00%) (23744/50000)
# TEST : Loss: (1.1056) | Acc: (59.00%) (5986/10000)
conv1 Conv2d(3, 64, kernel_size=(3, 3), stride=(1, 1), padding=(1, 1), bias=False)

conv1_weight Parameter containing:
tensor([[[[ 0.0371,  0.1407,  0.0293],
          [-0.0356,  0.1159,  0.1035],
          [-0.2133, -0.1371, -0.0345]],

         [[ 0.1204, -0.2082, -0.1072],
          [ 0.0607,  0.0518, -0.0365],
          [ 0.1157,  0.0282, -0.1764]],

         [[ 0.0238, -0.1146,  0.0302],
          [ 0.1217, -0.0268,  0.0369],
          [ 0.0999,  0.0096,  0.0574]]],


        [[[-0.0712,  0.0493,  0.0660],
          [-0.1861, -0.0985,  0.0729],
          [-0.1932,  0.1128,  0.0098]],

         [[ 0.1362, -0.0670, -0.1623],
          [-0.0750, -0.1827,  0.0530],
          [ 0.0977,  0.1699, -0.1005]],

         [[ 0.1313, -0.0776, -0.1162],
          [ 0.0278, -0.0930,  0.1875],
          [ 0.2031,  0.0070,  0.1941]]],


        [[[ 0.0998, -0.1103,  0.0190],
          [ 0.1940, -0.1678,  0.0127],
          [ 0.0981, -0.0961,  0.0022]],

         [[ 0.0778, -0.0072, -0.1101],
          [-0.0950, -0.1201, -0.1090],
          [ 0.0460,  0.0599,  0.2259]],

         [[-0.0536, -0.0538, -0.0482],
          [ 0.0825,  0.0105, -0.0498],
          [ 0.1918, -0.1757,  0.0894]]],


        ...,


        [[[ 0.1333, -0.1378,  0.1174],
          [-0.0723, -0.1278,  0.0309],
          [ 0.0266,  0.1063, -0.0211]],

         [[ 0.1244, -0.1165, -0.1373],
          [-0.0678, -0.1693,  0.1112],
          [-0.0352, -0.0076,  0.1293]],

         [[ 0.1112,  0.1335,  0.0573],
          [ 0.0281, -0.1675, -0.1888],
          [-0.1220,  0.0528,  0.1667]]],


        [[[ 0.1425, -0.1797, -0.0355],
          [-0.0265,  0.0855,  0.0332],
          [ 0.1506,  0.0973,  0.0380]],

         [[ 0.0211,  0.0208,  0.0706],
          [-0.1905, -0.1712, -0.1899],
          [ 0.1356, -0.1625, -0.0696]],

         [[-0.0853, -0.0000, -0.0651],
          [ 0.0307,  0.0921,  0.1386],
          [-0.1402, -0.1787,  0.0947]]],


        [[[ 0.0012, -0.1396, -0.0303],
          [-0.1325,  0.0673, -0.0521],
          [-0.0899, -0.0674,  0.1852]],

         [[ 0.0115, -0.0679, -0.0006],
          [-0.1939,  0.0654, -0.1271],
          [ 0.0083,  0.1430,  0.1510]],

         [[ 0.1206, -0.0246, -0.1380],
          [-0.0951, -0.1292,  0.0135],
          [-0.1400,  0.0970,  0.1326]]]], device='cuda:0', requires_grad=True)

conv1_weight_grad tensor([[[[ 0.0183,  0.0156,  0.0215],
          [ 0.0225,  0.0129,  0.0163],
          [ 0.0325,  0.0229,  0.0238]],

         [[ 0.0369,  0.0386,  0.0439],
          [ 0.0362,  0.0311,  0.0350],
          [ 0.0436,  0.0380,  0.0408]],

         [[ 0.0488,  0.0518,  0.0573],
          [ 0.0462,  0.0422,  0.0460],
          [ 0.0516,  0.0464,  0.0493]]],


        [[[ 0.0481,  0.0454,  0.0496],
          [ 0.0258,  0.0188,  0.0204],
          [ 0.0357,  0.0284,  0.0285]],

         [[ 0.0329,  0.0281,  0.0299],
          [ 0.0150,  0.0067,  0.0064],
          [ 0.0234,  0.0150,  0.0135]],

         [[ 0.0261,  0.0220,  0.0222],
          [ 0.0130,  0.0073,  0.0075],
          [ 0.0204,  0.0148,  0.0148]]],


        [[[ 0.0175,  0.0086,  0.0075],
          [ 0.0106,  0.0046,  0.0053],
          [ 0.0085,  0.0155,  0.0176]],

         [[ 0.0443,  0.0489,  0.0492],
          [ 0.0365,  0.0423,  0.0437],
          [ 0.0356,  0.0527,  0.0533]],

         [[ 0.0408,  0.0438,  0.0530],
          [ 0.0327,  0.0349,  0.0454],
          [ 0.0320,  0.0431,  0.0537]]],


        ...,


        [[[-0.0434, -0.0578, -0.0692],
          [-0.0463, -0.0569, -0.0644],
          [-0.0527, -0.0542, -0.0591]],

         [[-0.0218, -0.0294, -0.0388],
          [-0.0200, -0.0260, -0.0339],
          [-0.0233, -0.0222, -0.0292]],

         [[-0.0287, -0.0363, -0.0437],
          [-0.0243, -0.0319, -0.0373],
          [-0.0237, -0.0268, -0.0303]]],


        [[[-0.0138, -0.0080, -0.0109],
          [-0.0033,  0.0026, -0.0009],
          [-0.0013,  0.0043,  0.0006]],

         [[-0.0129, -0.0067, -0.0099],
          [-0.0031,  0.0028, -0.0012],
          [-0.0033,  0.0023, -0.0022]],

         [[-0.0072, -0.0020, -0.0050],
          [ 0.0008,  0.0055,  0.0018],
          [-0.0002,  0.0037, -0.0003]]],


        [[[ 0.0050,  0.0053,  0.0085],
          [ 0.0044,  0.0048,  0.0084],
          [ 0.0068,  0.0076,  0.0109]],

         [[ 0.0041,  0.0045,  0.0072],
          [ 0.0034,  0.0039,  0.0071],
          [ 0.0059,  0.0067,  0.0097]],

         [[ 0.0036,  0.0040,  0.0065],
          [ 0.0027,  0.0033,  0.0062],
          [ 0.0046,  0.0055,  0.0085]]]], device='cuda:0')

Epoch: 1 | Batch_idx: 0 |  Loss: (1.1321) | Acc: (58.00%) (75/128)
Epoch: 1 | Batch_idx: 10 |  Loss: (1.1547) | Acc: (59.00%) (836/1408)
Epoch: 1 | Batch_idx: 20 |  Loss: (1.1483) | Acc: (59.00%) (1586/2688)
...
Epoch: 1 | Batch_idx: 370 |  Loss: (0.9703) | Acc: (65.00%) (30987/47488)
Epoch: 1 | Batch_idx: 380 |  Loss: (0.9666) | Acc: (65.00%) (31902/48768)
Epoch: 1 | Batch_idx: 390 |  Loss: (0.9629) | Acc: (65.00%) (32771/50000)
# TEST : Loss: (0.9014) | Acc: (68.00%) (6854/10000)
conv1 Conv2d(3, 64, kernel_size=(3, 3), stride=(1, 1), padding=(1, 1), bias=False)

conv1_weight Parameter containing:
tensor([[[[ 0.0474,  0.1513,  0.0415],
          [-0.0312,  0.1211,  0.1121],
          [-0.2169, -0.1382, -0.0290]],

         [[ 0.1293, -0.2017, -0.1010],
          [ 0.0688,  0.0576, -0.0302],
          [ 0.1168,  0.0288, -0.1729]],

         [[ 0.0175, -0.1243,  0.0176],
          [ 0.1231, -0.0289,  0.0304],
          [ 0.0960,  0.0047,  0.0509]]],


        [[[-0.0690,  0.0533,  0.0695],
          [-0.1802, -0.0925,  0.0827],
          [-0.1908,  0.1189,  0.0177]],

         [[ 0.1320, -0.0703, -0.1645],
          [-0.0723, -0.1813,  0.0597],
          [ 0.0993,  0.1736, -0.0943]],

         [[ 0.1214, -0.0862, -0.1241],
          [ 0.0295, -0.0931,  0.1928],
          [ 0.2073,  0.0128,  0.2019]]],


        [[[ 0.1066, -0.1029,  0.0103],
          [ 0.2074, -0.1744, -0.0009],
          [ 0.0955, -0.1062, -0.0102]],

         [[ 0.0815,  0.0042, -0.1039],
          [-0.0806, -0.1197, -0.1048],
          [ 0.0475,  0.0618,  0.2316]],

         [[-0.0537, -0.0499, -0.0551],
          [ 0.0945,  0.0053, -0.0550],
          [ 0.1946, -0.1750,  0.0912]]],


        ...,


        [[[ 0.1434, -0.1326,  0.1153],
          [-0.0693, -0.1342,  0.0309],
          [ 0.0279,  0.1052, -0.0212]],

         [[ 0.1353, -0.1110, -0.1369],
          [-0.0625, -0.1771,  0.1124],
          [-0.0297, -0.0085,  0.1299]],

         [[ 0.1143,  0.1331,  0.0528],
          [ 0.0257, -0.1810, -0.1928],
          [-0.1260,  0.0430,  0.1591]]],


        [[[ 0.1421, -0.1816, -0.0449],
          [-0.0241,  0.0807,  0.0226],
          [ 0.1554,  0.0961,  0.0293]],

         [[ 0.0197,  0.0186,  0.0647],
          [-0.1908, -0.1785, -0.1989],
          [ 0.1382, -0.1647, -0.0761]],

         [[-0.0715,  0.0149, -0.0502],
          [ 0.0385,  0.0946,  0.1431],
          [-0.1276, -0.1681,  0.1026]]],


        [[[-0.0082, -0.1382, -0.0295],
          [-0.1378,  0.0669, -0.0494],
          [-0.0913, -0.0651,  0.1822]],

         [[-0.0049, -0.0735, -0.0031],
          [-0.2037,  0.0591, -0.1257],
          [ 0.0050,  0.1429,  0.1504]],

         [[ 0.1162, -0.0221, -0.1334],
          [-0.0890, -0.1190,  0.0181],
          [-0.1234,  0.1107,  0.1400]]]], device='cuda:0', requires_grad=True)

conv1_weight_grad tensor([[[[ 0.0026,  0.0032,  0.0010],
          [ 0.0044,  0.0007, -0.0014],
          [ 0.0046,  0.0007, -0.0019]],

         [[ 0.0019,  0.0041,  0.0064],
          [ 0.0026,  0.0014,  0.0043],
          [ 0.0047,  0.0036,  0.0052]],

         [[ 0.0099,  0.0149,  0.0173],
          [ 0.0098,  0.0114,  0.0145],
          [ 0.0123,  0.0130,  0.0145]]],


        [[[ 0.0050,  0.0056,  0.0091],
          [ 0.0075,  0.0086,  0.0122],
          [ 0.0018,  0.0029,  0.0012]],

         [[ 0.0030,  0.0064,  0.0094],
          [ 0.0093,  0.0120,  0.0143],
          [ 0.0062,  0.0070,  0.0052]],

         [[-0.0016,  0.0046,  0.0075],
          [ 0.0059,  0.0113,  0.0145],
          [ 0.0051,  0.0081,  0.0063]]],


        [[[-0.0081, -0.0134, -0.0264],
          [-0.0205, -0.0205, -0.0328],
          [-0.0173, -0.0128, -0.0260]],

         [[-0.0258, -0.0258, -0.0337],
          [-0.0317, -0.0258, -0.0329],
          [-0.0228, -0.0159, -0.0239]],

         [[-0.0130, -0.0067, -0.0169],
          [-0.0210, -0.0104, -0.0210],
          [-0.0134, -0.0036, -0.0154]]],


        ...,


        [[[ 0.0142,  0.0230,  0.0215],
          [ 0.0087,  0.0162,  0.0073],
          [ 0.0128,  0.0206,  0.0095]],

         [[-0.0180, -0.0059, -0.0091],
          [-0.0200, -0.0079, -0.0163],
          [-0.0157, -0.0038, -0.0134]],

         [[-0.0295, -0.0156, -0.0187],
          [-0.0315, -0.0172, -0.0264],
          [-0.0297, -0.0166, -0.0268]]],


        [[[ 0.0001,  0.0018,  0.0021],
          [-0.0036, -0.0027, -0.0023],
          [-0.0018, -0.0020, -0.0009]],

         [[ 0.0015,  0.0020,  0.0014],
          [-0.0020, -0.0018, -0.0022],
          [ 0.0003,  0.0000,  0.0006]],

         [[-0.0016, -0.0005, -0.0011],
          [-0.0042, -0.0030, -0.0034],
          [-0.0029, -0.0019, -0.0013]]],


        [[[ 0.0014,  0.0013,  0.0007],
          [ 0.0020,  0.0016,  0.0012],
          [ 0.0027,  0.0030,  0.0031]],

         [[ 0.0023,  0.0026,  0.0017],
          [ 0.0026,  0.0027,  0.0024],
          [ 0.0032,  0.0038,  0.0039]],

         [[ 0.0014,  0.0015,  0.0009],
          [ 0.0018,  0.0016,  0.0015],
          [ 0.0025,  0.0025,  0.0028]]]], device='cuda:0')

Epoch: 2 | Batch_idx: 0 |  Loss: (0.8118) | Acc: (71.00%) (92/128)
Epoch: 2 | Batch_idx: 10 |  Loss: (0.8190) | Acc: (69.00%) (984/1408)
Epoch: 2 | Batch_idx: 20 |  Loss: (0.8356) | Acc: (70.00%) (1889/2688)
...
Epoch: 2 | Batch_idx: 370 |  Loss: (0.7727) | Acc: (72.00%) (34521/47488)
Epoch: 2 | Batch_idx: 380 |  Loss: (0.7697) | Acc: (72.00%) (35503/48768)
Epoch: 2 | Batch_idx: 390 |  Loss: (0.7685) | Acc: (72.00%) (36437/50000)
# TEST : Loss: (0.9042) | Acc: (69.00%) (6995/10000)
conv1 Conv2d(3, 64, kernel_size=(3, 3), stride=(1, 1), padding=(1, 1), bias=False)

conv1_weight Parameter containing:
tensor([[[[ 0.0463,  0.1536,  0.0479],
          [-0.0380,  0.1188,  0.1162],
          [-0.2210, -0.1390, -0.0232]],

         [[ 0.1324, -0.1982, -0.0974],
          [ 0.0720,  0.0608, -0.0260],
          [ 0.1246,  0.0364, -0.1637]],

         [[ 0.0120, -0.1322,  0.0067],
          [ 0.1224, -0.0324,  0.0224],
          [ 0.1020,  0.0085,  0.0503]]],


        [[[-0.0735,  0.0528,  0.0704],
          [-0.1797, -0.0886,  0.0886],
          [-0.1865,  0.1263,  0.0234]],

         [[ 0.1267, -0.0738, -0.1665],
          [-0.0716, -0.1794,  0.0634],
          [ 0.1054,  0.1803, -0.0905]],

         [[ 0.1161, -0.0912, -0.1297],
          [ 0.0304, -0.0932,  0.1926],
          [ 0.2131,  0.0167,  0.2008]]],


        [[[ 0.1086, -0.1042,  0.0004],
          [ 0.2125, -0.1815, -0.0126],
          [ 0.0950, -0.1127, -0.0190]],

         [[ 0.0767,  0.0035, -0.1085],
          [-0.0801, -0.1226, -0.1076],
          [ 0.0459,  0.0633,  0.2334]],

         [[-0.0625, -0.0526, -0.0604],
          [ 0.0919,  0.0021, -0.0593],
          [ 0.1905, -0.1738,  0.0910]]],


        ...,


        [[[ 0.1486, -0.1288,  0.1155],
          [-0.0701, -0.1417,  0.0273],
          [ 0.0224,  0.1017, -0.0303]],

         [[ 0.1509, -0.0958, -0.1264],
          [-0.0558, -0.1770,  0.1161],
          [-0.0269, -0.0037,  0.1293]],

         [[ 0.1267,  0.1477,  0.0619],
          [ 0.0281, -0.1824, -0.1914],
          [-0.1300,  0.0415,  0.1530]]],


        [[[ 0.1467, -0.1803, -0.0515],
          [-0.0242,  0.0747,  0.0122],
          [ 0.1537,  0.0921,  0.0222]],

         [[ 0.0248,  0.0211,  0.0648],
          [-0.1979, -0.1907, -0.2099],
          [ 0.1300, -0.1744, -0.0847]],

         [[-0.0557,  0.0309, -0.0332],
          [ 0.0387,  0.0920,  0.1451],
          [-0.1263, -0.1667,  0.1062]]],


        [[[-0.0124, -0.1425, -0.0401],
          [-0.1405,  0.0554, -0.0570],
          [-0.0970, -0.0757,  0.1695]],

         [[-0.0151, -0.0867, -0.0224],
          [-0.2078,  0.0431, -0.1382],
          [-0.0028,  0.1286,  0.1368]],

         [[ 0.1121, -0.0281, -0.1459],
          [-0.0829, -0.1199,  0.0073],
          [-0.1188,  0.1050,  0.1304]]]], device='cuda:0', requires_grad=True)

conv1_weight_grad tensor([[[[ 0.0233,  0.0292,  0.0352],
          [ 0.0278,  0.0336,  0.0382],
          [ 0.0341,  0.0400,  0.0422]],

         [[ 0.0256,  0.0331,  0.0394],
          [ 0.0301,  0.0373,  0.0421],
          [ 0.0375,  0.0444,  0.0468]],

         [[ 0.0238,  0.0293,  0.0312],
          [ 0.0275,  0.0337,  0.0350],
          [ 0.0270,  0.0326,  0.0329]]],


        [[[ 0.0274,  0.0236,  0.0059],
          [ 0.0564,  0.0483,  0.0261],
          [ 0.0527,  0.0383,  0.0192]],

         [[ 0.0351,  0.0379,  0.0219],
          [ 0.0608,  0.0591,  0.0367],
          [ 0.0523,  0.0412,  0.0205]],

         [[ 0.0426,  0.0504,  0.0362],
          [ 0.0632,  0.0677,  0.0485],
          [ 0.0556,  0.0519,  0.0342]]],


        [[[ 0.0503,  0.0543,  0.0251],
          [ 0.0638,  0.0739,  0.0490],
          [ 0.0698,  0.0888,  0.0720]],

         [[ 0.0591,  0.0642,  0.0384],
          [ 0.0711,  0.0827,  0.0622],
          [ 0.0699,  0.0877,  0.0768]],

         [[ 0.0055,  0.0118, -0.0070],
          [ 0.0137,  0.0262,  0.0165],
          [ 0.0193,  0.0350,  0.0315]]],


        ...,


        [[[-0.0170, -0.0143, -0.0223],
          [-0.0221, -0.0212, -0.0255],
          [-0.0167, -0.0215, -0.0219]],

         [[-0.0053, -0.0035, -0.0115],
          [-0.0076, -0.0066, -0.0130],
          [-0.0015, -0.0069, -0.0098]],

         [[ 0.0147,  0.0157,  0.0202],
          [ 0.0129,  0.0133,  0.0198],
          [ 0.0236,  0.0195,  0.0269]]],


        [[[-0.0022, -0.0052, -0.0116],
          [ 0.0005, -0.0044, -0.0123],
          [ 0.0017, -0.0045, -0.0129]],

         [[ 0.0000, -0.0021, -0.0079],
          [ 0.0040,  0.0001, -0.0075],
          [ 0.0063,  0.0010, -0.0074]],

         [[-0.0030, -0.0039, -0.0070],
          [ 0.0016, -0.0010, -0.0060],
          [ 0.0039,  0.0007, -0.0051]]],


        [[[-0.0001, -0.0006, -0.0007],
          [-0.0002, -0.0006, -0.0008],
          [-0.0005, -0.0006, -0.0010]],

         [[ 0.0004, -0.0002, -0.0004],
          [ 0.0001, -0.0003, -0.0006],
          [-0.0002, -0.0004, -0.0008]],

         [[ 0.0004,  0.0001, -0.0003],
          [ 0.0002, -0.0001, -0.0004],
          [-0.0001, -0.0002, -0.0005]]]], device='cuda:0')

Epoch: 3 | Batch_idx: 0 |  Loss: (0.6842) | Acc: (71.00%) (91/128)
.
.